000, 1
001, 1
002, 1
003, 4
004, 4
005, 4
006, 4
007, 4
008, 2
009, 2
010, 0
011, 2
012, 2
013, 2
014, 0
015, 1
016, 1
017, 1
018, 1
019, 1
020, 1
021, 1
022, 1
023, 0
024, 2
025, 2
026, 2
027, 0
028, 2
029, 2
030, 2
031, 2
032, 2
033, 3
034, 3
035, 3
036, 3
037, 0
038, 0
039, 0
040, 4
041, 4
042, 4
043, 4
044, 4
045, 4
046, 1
047, 1
048, 1
049, 1
050, 1
051, 1
052, 1
053, 0
054, 3
055, 3
056, 3
057, 3
058, 3
059, 3
060, 3
061, 3
062, 2
063, 2
064, 2
065, 2
066, 1
067, 1
068, 1
069, 3
070, 3
071, 3
072, 3
073, 2
074, 2
075, 2
076, 2
077, 2
078, 1
079, 2
080, 2
081, 2
082, 2
083, 2
084, 2
085, 1
086, 1
087, 1
088, 1
089, 1
090, 1
091, 1
092, 1
093, 0
094, 0
095, 0
096, 0
097, 0
098, 0
099, 1
100, 1
101, 1
102, 1
103, 1
104, 1
105, 1
106, 1
107, 1
108, 2
109, 2
110, 2
111, 2
112, 2
113, 2
114, 2
115, 2
116, 2
117, 2
118, 1
119, 1
120, 1
121, 2
122, 2
123, 2
124, 2
125, 1
126, 1
127, 1
128, 1
129, 1
130, 2
131, 2
132, 2
133, 2
134, 2
135, 0
136, 0
137, 0
138, 0
139, 0
140, 0
141, 0
142, 0
143, 0
144, 0
145, 0
146, 0
147, 3
148, 3
149, 3
150, 3
151, 3
152, 3
153, 3
154, 3
155, 3
156, 3
157, 3
158, 3
159, 3
160, 3
161, 3
162, 3
163, 3
164, 4
165, 4
166, 4
167, 4
168, 4
169, 4
170, 4
171, 4
172, 4
173, 4
174, 4
175, 4
176, 4
177, 4
178, 4
179, 4
180, 4
181, 4
182, 4
183, 4
184, 4
185, 4
186, 4
187, 4
188, 4
189, 4
190, 4
191, 4
192, 4
193, 3
194, 3
195, 3
196, 3
197, 0
198, 0
199, 0
200, 0
201, 0
202, 5
203, 5
204, 5
205, 5
206, 5
207, 5
208, 5
209, 5
210, 5
211, 5
212, 5
213, 5
214, 5
215, 5
216, 5
217, 5
218, 5
219, 5
220, 5
221, 5
222, 5
223, 5
224, 5
225, 5
226, 5
227, 5
228, 5
229, 5
230, 5
231, 5
232, 5
233, 5
234, 5
235, 5
236, 5
237, 5
238, 5
239, 5
240, 5
241, 5
242, 3
243, 3
244, 3
245, 0
246, 0
247, 0
2024G294,0
2024G157,2
2024G282,0
2024G37,1
2024G167,4
2024G143,2
2024G208,5
2024G268,3
2024G91,1
2024G42,2
2024G27,1
2024G269,3
2024G265,3
2024G285,0
2024G300,0
2024G151,2
2024G290,0
2024G226,5
2024G31,1
2024G146,2
2024G99,1
2024G274,3
2024G156,2
2024G206,5
2024G255,3
2024G233,5
2024G72,2
2024G153,2
2024G175,4
2024G125,2
2024G53,2
2024G40,1
2024G224,5
2024G181,4
2024G84,1
2024G112,1
2024G273,3
2024G207,5
2024G173,4
2024G130,2
2024G238,5
2024G139,2
2024G221,5
2024G67,2
2024G89,1
2024G80,2
2024G222,5
2024G239,5
2024G276,3
2024G74,2
2024G132,2
2024G115,1
2024G93,1
2024G228,5
2024G102,1
2024G310,0
2024G92,1
2024G260,3
2024G308,0
2024G259,3
2024G293,0
2024G96,1
2024G179,4
2024G148,2
2024G9,1
2024G251,3
2024G150,2
2024G203,5
2024G21,1
2024G299,0
2024G101,1
2024G286,0
2024G183,4
2024G109,1
2024G266,3
2024G304,0
2024G162,4
2024G223,5
2024G22,1
2024G77,2
2024G104,1
2024G127,2
2024G126,2
2024G214,5
2024G205,5
2024G57,2
2024G38,1
2024G20,1
2024G124,2
2024G62,2
2024G165,4
2024G202,5
2024G177,4
2024G90,1
2024G135,2
2024G35,1
2024G114,1
2024G140,2
2024G46,2
2024G68,2
2024G219,5
2024G204,5
2024G297,0
2024G187,4
2024G278,3
2024G87,1
2024C311,0
2024C5,1
2024C254,3
2024C185,4
2024C247,3
2024C271,3
2024C270,3
2024C30,1
2024C36,1
2024C218,5
2024C15,1
2024C210,5
2024C243,3
2024C249,3
2024C141,2
2024C191,4
2024C163,4
2024C134,2
2024C106,1
2024C43,2
2024C231,5
2024C111,1
2024C298,0
2024C155,2
2024C49,2
2024C160,2
2024C138,2
2024C172,4
2024C39,1
2024C190,4
2024C240,5
2024C83,1
2024C13,1
2024C142,2
2024C305,0
2024C121,2
2024C246,3
2024C159,2
2024C107,1
2024C168,4
2024C198,4
2024C82,1
2024C193,4
2024C283,0
2024C78,2
2024C45,2
2024C244,3
2024C317,0
2024C315,0
2024C26,1
2024C194,4
2024C280,3
2024C136,2
2024C182,4
2024C184,4
2024C217,5
2024C116,1
2024C309,0
2024C296,0
2024C225,5
2024C11,1
2024C48,2
2024C97,1
2024C241,3
2024C169,4
2024C319,0
2024C287,0
2024C164,4
2024C211,5
2024C152,2
2024C71,2
2024C284,0
2024C320,0
2024C192,4
2024C118,1
2024C29,1
2024C18,1
2024C234,5
2024C81,1
2024C17,1
2024C75,2
2024C133,2
2024C215,5
2024C264,3
2024C316,0
2024C59,2
2024C41,2
2024C149,2
2024C180,4
2024C95,1
2024C313,0
2024C277,3
2024C3,1
2024C25,1
2024C196,4
2024C170,4
2024C85,1
2024C58,2
2024C34,1
2024C188,4
2024C199,4
2024C209,5
2024C257,3
2024C28,1
2024C292,0
2024C123,2
2024C303,0
2024C108,1
2024C54,2
2024C263,3
2024C129,2
2024C237,5
2024C245,3
2024C60,2
2024C14,1
2024C312,0
2024C44,2
2024C117,1
2024C232,5
2024C12,1
2024C174,4
2024C47,2
2024C105,1
2024C94,1
2024C137,2
2024C66,2
2024C306,0
2024C144,2
2024C253,3
2024C6,1
2024C186,4
2024C176,4
2024C262,3
2024C256,3
2024C242,3
2024C69,2
2024C258,3
2024C248,3
2024C24,1
2024C295,0
2024C301,0
2024C201,5
2024C281,0
2024C230,5
2024C302,0
2024C76,2
2024C33,1
2024C307,0
2024C227,5
2024C113,1
2024C7,1
2024C19,1
2024C103,1
2024C267,3
2024C236,5
2024C229,5
2024C314,0
2024C128,2
2024C32,1
2024C63,2
2024C51,2
2024C154,2
2024C272,3
2024C212,5
2024C10,1
2024C65,2
2024C291,0
2024C70,2
2024C56,2
2024C197,4
2024C289,0
2024C73,2
2024C1,1
2024C119,1
2024C279,3
2024C220,5
2024C216,5
2024C55,2
2024C4,1
2024C261,3
2024C8,1
2024C171,4
2024C250,3
2024C98,1
2024C288,0
2024C166,4
2024C131,2
2024C23,1
2024C88,1
2024C61,2
2024C235,5
2024C145,2
2024C16,1
2024C158,2
2024C189,4
2024C100,1
2024C252,3
2024C147,2
2024C2,1
2024C50,2
2024C86,1
2024C178,4
2024C122,2
2024C200,4
2024C275,3
2024C120,1
2024C161,4
2024C110,1
2024C195,4
2024C318,0
2024C213,5
2024C79,2
2024C52,2
2024C64,2